Take into account samples: 
obs_samples <- c('SA609X3XB01584','SA609X4XB03080','SA609X5XB03223',
                     'SA609X6XB03447','SA609X7XB03554','SA609X4XB003083',
                     'SA609X5XB03230','SA609X6XB03404','SA609X7XB03505',
                     'SA609X5XB03231','SA609X6XB03401','SA609X7XB03510')
